    -9.461749   -1.237215
    -9.457594   -1.380256
    -9.437909   -1.516508
    -9.401906   -1.645282
    -9.351761   -1.766026
    -9.289023   -1.878027
    -9.214738   -1.980639
    -9.130052   -2.073268
    -9.036037   -2.155312
    -8.933681   -2.226164
    -8.823963   -2.285235
    -8.707842   -2.331899
    -8.586275   -2.365502
    -8.460259   -2.385374
    -8.330830   -2.390765
    -8.198927   -2.380646
    -8.065874   -2.354231
    -7.933259   -2.311410
    -7.800059   -2.252544
    -7.663752   -2.178253
    -7.521276   -2.089436
    -7.368778   -1.987979
    -7.201593   -1.877932
    -7.016224   -1.762301
    -6.810969   -1.641205
    -6.584949   -1.514879
    -6.338395   -1.383735
    -6.072555   -1.248116
    -5.788897   -1.109537
    -5.488911   -0.971792
    -5.174058   -0.839165
    -4.845024   -0.715798
    -4.502124   -0.604228
    -4.146670   -0.505753
    -3.781158   -0.421677
    -3.409159   -0.353441
    -3.033733   -0.302990
    -2.656548   -0.271760
    -2.278484   -0.260650
    -1.900442   -0.269721
    -1.523720   -0.298589
    -1.149870   -0.346842
    -0.780195   -0.414103
    -0.416213   -0.499824
    -0.061404   -0.603107
     0.281269   -0.723173
     0.610594   -0.859678
     0.926636   -1.012961
     1.230346   -1.184296
     1.524117   -1.375439
     1.811573   -1.588059
     2.096148   -1.824586
     2.381298   -2.088499
     2.670851   -2.384714
     2.969464   -2.720216
     3.283274   -3.105078
     3.620876   -3.553958
     3.994442   -4.087370
     4.418370   -4.727560
     4.898453   -5.486821
     5.422257   -6.350365
     5.962865   -7.268613
     6.501607   -8.195490
     7.035203   -9.118275
     7.559706  -10.034879
     8.070441  -10.942156
     8.563537  -11.836117
     9.037358  -12.713036
     9.342241  -13.286990
