     9.342241  -13.286990
     9.200098  -12.657116
     8.976167  -11.710358
     8.738664  -10.759210
     8.486823   -9.801898
     8.220279   -8.836936
     7.939820   -7.865000
     7.647394   -6.890125
     7.346041   -5.919887
     7.037744   -4.964338
     6.723760   -4.032944
     6.405417   -3.133194
     6.084002   -2.270293
     5.760671   -1.447254
     5.436179   -0.665782
     5.110765    0.071108
     4.785508    0.760074
     4.462115    1.398956
     4.142401    1.987353
     3.827075    2.526529
     3.515156    3.018906
     3.206067    3.467687
     2.899923    3.875743
     2.597397    4.244639
     2.298563    4.576792
     2.003059    4.875042
     1.710326    5.142162
     1.419725    5.380664
     1.130605    5.592733
     0.842319    5.780231
     0.554246    5.944719
     0.265993    6.087175
    -0.022627    6.207877
    -0.312147    6.306961
    -0.603336    6.384480
    -0.896478    6.441094
    -1.191674    6.477415
    -1.489176    6.493559
    -1.789406    6.489116
    -2.093125    6.463302
    -2.401863    6.415884
    -2.717222    6.346516
    -3.040573    6.254484
    -3.372893    6.138866
    -3.714434    5.998792
    -4.064819    5.833080
    -4.423519    5.639903
    -4.789403    5.417752
    -5.160461    5.165892
    -5.533555    4.884889
    -5.904309    4.577186
    -6.267282    4.247380
    -6.616806    3.900869
    -6.948034    3.543316
    -7.257538    3.180491
    -7.543433    2.817600
    -7.804943    2.458934
    -8.042530    2.107344
    -8.257502    1.764403
    -8.451593    1.430800
    -8.626674    1.107810
    -8.783332    0.799769
    -8.921757    0.511942
    -9.042938    0.247706
    -9.147747    0.007577
    -9.235450   -0.210739
    -9.306718   -0.410828
    -9.362917   -0.596088
    -9.405433   -0.769337
    -9.435465   -0.932815
    -9.453984   -1.088301
    -9.461749   -1.237215
